test_result_gain                             no
correct_prediction_gain                       1
Name: 945, dtype: object
0.7578947368421053
thresholds
[0.01, 0.02, 0.025, 0.03, 0.05, 0.07, 0.08, 0.09, 0.095, 0.1, 0.2, 0.3, 0.305, 0.31, 0.315, 0.32, 0.325, 0.33, 0.335, 0.34, 0.345, 0.35, 0.355, 0.36, 0.365, 0.37, 0.375, 0.38, 0.385, 0.39, 0.395, 0.4, 0.5]
Gain
[0.6736842105263158, 0.6736842105263158, 0.6736842105263158, 0.6736842105263158, 0.6736842105263158, 0.6736842105263158, 0.6736842105263158, 0.6736842105263158, 0.6736842105263158, 0.6736842105263158, 0.6736842105263158, 0.6736842105263158, 0.6736842105263158, 0.6736842105263158, 0.6736842105263158, 0.6736842105263158, 0.6736842105263158, 0.6736842105263158, 0.6736842105263158, 0.6736842105263158, 0.6736842105263158, 0.6736842105263158, 0.6736842105263158, 0.6736842105263158, 0.6736842105263158, 0.7578947368421053, 0.7578947368421053, 0.7578947368421053, 0.7578947368421053, 0.7578947368421053, 0.7578947368421053, 0.7578947368421053, 0.7578947368421053]
Gain Ratio
[0.8315789473684211, 0.8315789473684211, 0.8315789473684211, 0.8315789473684211, 0.8315789473684211, 0.8105263157894737, 0.8105263157894737, 0.7894736842105263, 0.7894736842105263, 0.7894736842105263, 0.7894736842105263, 0.7578947368421053, 0.7578947368421053, 0.7578947368421053, 0.7578947368421053, 0.7578947368421053, 0.7578947368421053, 0.7578947368421053, 0.7578947368421053, 0.7578947368421053, 0.7578947368421053, 0.7578947368421053, 0.7578947368421053, 0.7578947368421053, 0.7578947368421053, 0.7578947368421053, 0.7578947368421053, 0.7578947368421053, 0.7578947368421053, 0.7578947368421053, 0.7578947368421053, 0.7578947368421053, 0.7578947368421053]
